name: kilosort
channels:
  - pytorch
  - nvidia
  - conda-forge
dependencies:
  - blas=1.0=mkl
  - bzip2=1.0.8=h2466b09_7
  - ca-certificates=2024.8.30=h56e8100_0
  - cuda-cccl=12.6.77=0
  - cuda-cccl_win-64=12.6.77=0
  - cuda-cudart=12.4.127=0
  - cuda-cudart-dev=12.4.127=0
  - cuda-cupti=12.4.127=0
  - cuda-libraries=12.4.1=0
  - cuda-libraries-dev=12.4.1=0
  - cuda-nvrtc=12.4.127=0
  - cuda-nvrtc-dev=12.4.127=0
  - cuda-nvtx=12.4.127=0
  - cuda-opencl=12.6.77=0
  - cuda-opencl-dev=12.6.77=0
  - cuda-profiler-api=12.6.77=0
  - cuda-runtime=12.4.1=0
  - cuda-version=12.6=3
  - filelock=3.16.1=pyhd8ed1ab_0
  - intel-openmp=2025.0.0=h57928b3_1164
  - jinja2=3.1.4=pyhd8ed1ab_0
  - libcublas=12.4.5.8=0
  - libcublas-dev=12.4.5.8=0
  - libcufft=11.2.1.3=0
  - libcufft-dev=11.2.1.3=0
  - libcurand=10.3.7.77=0
  - libcurand-dev=10.3.7.77=0
  - libcusolver=11.6.1.9=0
  - libcusolver-dev=11.6.1.9=0
  - libcusparse=12.3.1.170=0
  - libcusparse-dev=12.3.1.170=0
  - libffi=3.4.2=h8ffe710_5
  - libhwloc=2.11.1=default_h8125262_1000
  - libiconv=1.17=hcfcfb64_2
  - libnpp=12.2.5.30=0
  - libnpp-dev=12.2.5.30=0
  - libnvfatbin=12.6.77=0
  - libnvfatbin-dev=12.6.77=0
  - libnvjitlink=12.4.127=0
  - libnvjitlink-dev=12.4.127=0
  - libnvjpeg=12.3.1.117=0
  - libnvjpeg-dev=12.3.1.117=0
  - libsqlite=3.47.0=h2466b09_1
  - libuv=1.49.2=h2466b09_0
  - libxml2=2.13.5=h442d1da_0
  - libzlib=1.3.1=h2466b09_2
  - markupsafe=3.0.2=py39hf73967f_0
  - mkl=2023.1.0=h6a75c08_48682
  - mpmath=1.3.0=pyhd8ed1ab_0
  - networkx=3.2.1=pyhd8ed1ab_0
  - openssl=3.4.0=h2466b09_0
  - pip=24.3.1=pyh8b19718_0
  - pthreads-win32=2.9.1=h2466b09_4
  - python=3.9.20=hfaddaf0_1_cpython
  - python_abi=3.9=5_cp39
  - pytorch=2.5.1=py3.9_cuda12.4_cudnn9_0
  - pytorch-cuda=12.4=h3fd98bf_7
  - pytorch-mutex=1.0=cuda
  - pyyaml=6.0.2=py39ha55e580_1
  - setuptools=75.5.0=pyhff2d567_0
  - tbb=2021.13.0=hc790b64_0
  - tk=8.6.13=h5226925_1
  - typing_extensions=4.12.2=pyha770c72_0
  - ucrt=10.0.22621.0=h57928b3_1
  - vc=14.3=ha32ba9b_23
  - vc14_runtime=14.42.34433=he29a5d6_23
  - vs2015_runtime=14.42.34433=hdffcdeb_23
  - wheel=0.45.0=pyhd8ed1ab_0
  - xz=5.2.6=h8d14728_0
  - yaml=0.2.5=h8ffe710_2
  - pip:
      - asciitree==0.3.3
      - colorama==0.4.6
      - contourpy==1.3.0
      - cuda-python==12.6.2.post1
      - cycler==0.12.1
      - distinctipy==1.3.4
      - faiss-cpu==1.9.0
      - fasteners==0.19
      - fonttools==4.55.0
      - fsspec==2024.10.0
      - h5py==3.12.1
      - importlib-resources==6.4.5
      - joblib==1.4.2
      - kilosort==4.0.20
      - kiwisolver==1.4.7
      - llvmlite==0.43.0
      - matplotlib==3.9.2
      - neo==0.13.4
      - numba==0.60.0
      - numcodecs==0.12.1
      - numpy==1.26.4
      - packaging==24.2
      - pandas==2.2.3
      - pillow==11.0.0
      - probeinterface==0.2.24
      - psutil==6.1.0
      - pyparsing==3.2.0
      - pyqt6==6.7.1
      - pyqt6-qt6==6.7.3
      - pyqt6-sip==13.8.0
      - pyqtgraph==0.13.7
      - python-dateutil==2.9.0.post0
      - pytz==2024.2
      - pywin32==308
      - qtpy==2.4.2
      - quantities==0.16.1
      - scikit-learn==1.5.2
      - scipy==1.13.1
      - six==1.16.0
      - spikeinterface==0.101.2
      - sympy==1.13.1
      - threadpoolctl==3.5.0
      - tqdm==4.67.0
      - tzdata==2024.2
      - zarr==2.17.2
      - zipp==3.21.0
prefix: C:\Users\Rudy\miniforge3\envs\kilosort
